Debug values
 Debug:  T
 specific_case_b:  T
 a:   4.0000000000000000     
 b:    6.0000000000000000     
 q1:    1.0000000000000000     
 x1:    3.1415926535897931     
 y1:    2.7182818284590451     
 q2:   -2.0000000000000000     
 x2:    1.6180339887487849     
 y2:    4.6692016091029904     
 h:    200.00000000000000     
 w:    1.6000000000000001     
 max_steps:       100000
 accuracy_threshold:    1.0000000000000001E-005
 pgm_scale_factor:    2.0000000000000000     
 N:         1000
 N:         2000
 N:         3000
 N:         4000
 N:         5000
 N:         6000
 N:         7000
 N:         8000
 N:         9000
 N:        10000
 N:        11000
 N:        12000
 N:        13000
 N:        14000
 N:        15000
 System converged after:        15447  SOR cycles
 r_A=   0.11793419137221928     
 r_B=  -0.48080027757877947     
 r_C=    0.0000000000000000     
 plot complete

